0.0 25.0 19.55409
1.0 25.0 19.55409
2.0 24.5 19.55409
3.0 25.0 19.08595
4.0 24.5 19.55409
5.0 24.5 19.55409
6.0 24.5 19.55409
7.0 24.5 19.08595
8.0 24.5 19.55409
9.0 24.5 19.55409
10.0 24.5 19.08595
11.0 24.5 19.55409
12.0 24.5 21.42667
13.0 24.5 19.55409
14.0 24.5 19.55409
15.0 24.5 19.55409
16.0 24.5 19.08595
17.0 24.5 19.55409
18.0 25.0 19.55409
19.0 25.5 19.55409
20.0 26.0 20.02224
21.0 26.5 19.08595
22.0 27.0 19.55409
23.0 27.5 19.55409
24.0 28.0 19.55409
25.0 28.5 19.55409
26.0 29.0 19.55409
27.0 29.0 19.55409
28.0 29.5 19.08595
29.0 29.5 19.08595
30.0 30.0 20.95853
31.0 30.0 20.95853
32.0 30.0 21.42667
33.0 30.0 21.42667
34.0 30.0 21.89481
35.0 30.0 21.42667
36.0 30.0 21.42667
37.0 30.0 20.95853
38.0 29.5 20.95853
39.0 29.5 20.49038
