1 0.4730327
2 0.4561135
3 0.4585305
4 0.4601419
5 0.4577249
6 0.4561135
7 0.4601419
8 0.4593362
9 0.4593362
10 0.4585305
11 0.4577249
12 0.4585305
13 0.4561135
14 0.4601419
15 0.4601419
16 0.4609476
17 0.4593362
18 0.4577249
19 0.4593362
20 0.4553079
21 0.4601419
22 0.4561135
23 0.4601419
24 0.4601419
25 0.4593362
26 0.4601419
27 0.4593362
28 0.4617533
29 0.44
30 0.1232685
31 0.009668116
32 0.01127947
33 0.01208515
34 0.01047379
35 0.01127947
36 0.01289082
37 0.1039322
38 0.1063493
39 0.1055436
40 0.1055436
41 0.1498558
42 0.5044541
43 1.087109
44 1.536777
45 1.782559
46 1.98
47 2.102513
48 2.217725
49 2.447393
50 2.636777
51 2.863223
52 3.253271
53 3.3
54 3.3
55 3.3
56 3.3
57 3.3
58 3.3
59 3.146116
60 2.797963
61 2.279006
62 2.050094
63 1.906683
64 1.6891
65 1.512607
66 1.203932
67 0.6962554
68 0.3255436
69 0.07734492
70 0.008056764
71 0.01127947
72 0.01047379
73 0.009668116
74 0.01208515
75 0.5560174
76 1.038769
77 1.212795
78 1.362701
79 1.477963
80 1.699574
81 1.872845
82 1.997725
83 2.193555
84 2.465924
85 2.649668
86 2.916448
87 3.217821
88 3.3
89 3.3
90 3.3
91 3.3
92 3.3
93 3.026825
94 2.635166
95 2.208057
96 2.005782
97 1.818814
98 1.668153
99 1.539194
100 1.437629
